Mejor fitness: 224416
Mejor fenotipo: [1, 3, 6, 11, 7, 2, 9, 0, 8, 5, 4, 10]
Poblacion final:
Numero de cruces: 29828
Numero de mutaciones: 4942
0 | [1, 3, 6, 11, 7, 2, 9, 0, 8, 5, 4, 10] (Fitness: 224416)
1 | [1, 3, 6, 11, 7, 2, 9, 0, 8, 5, 4, 10] (Fitness: 224416)
2 | [1, 3, 6, 11, 7, 2, 9, 0, 8, 5, 4, 10] (Fitness: 224416)
3 | [1, 3, 6, 11, 7, 2, 9, 0, 8, 5, 4, 10] (Fitness: 224416)
4 | [1, 3, 6, 11, 7, 2, 9, 0, 8, 5, 4, 10] (Fitness: 224416)
5 | [1, 3, 6, 11, 7, 2, 9, 0, 8, 5, 4, 10] (Fitness: 224416)
6 | [1, 3, 6, 11, 7, 2, 9, 0, 8, 5, 4, 10] (Fitness: 224416)
7 | [1, 3, 6, 11, 7, 2, 9, 0, 8, 4, 5, 10] (Fitness: 242190)
8 | [1, 3, 6, 11, 7, 2, 9, 0, 8, 4, 5, 10] (Fitness: 242190)
9 | [1, 4, 6, 11, 7, 2, 9, 0, 8, 5, 3, 10] (Fitness: 244346)
10 | [1, 4, 6, 11, 7, 2, 9, 0, 8, 5, 3, 10] (Fitness: 244346)
11 | [1, 4, 6, 11, 7, 2, 9, 0, 8, 5, 3, 10] (Fitness: 244346)
12 | [1, 4, 6, 11, 7, 2, 9, 0, 8, 5, 3, 10] (Fitness: 244346)
13 | [1, 4, 6, 11, 7, 2, 9, 0, 8, 5, 3, 10] (Fitness: 244346)
14 | [1, 4, 6, 11, 7, 2, 9, 0, 8, 5, 3, 10] (Fitness: 244346)
15 | [1, 4, 6, 11, 7, 2, 9, 0, 8, 5, 3, 10] (Fitness: 244346)
16 | [1, 4, 6, 11, 7, 2, 9, 0, 8, 5, 3, 10] (Fitness: 244346)
17 | [1, 3, 6, 11, 9, 2, 7, 0, 8, 5, 4, 10] (Fitness: 248766)
18 | [1, 3, 6, 11, 7, 2, 5, 0, 8, 9, 4, 10] (Fitness: 249280)
19 | [1, 3, 6, 11, 0, 2, 9, 7, 8, 5, 4, 10] (Fitness: 250764)
20 | [1, 5, 6, 11, 7, 2, 9, 0, 8, 4, 3, 10] (Fitness: 252696)
21 | [1, 5, 6, 11, 7, 2, 9, 0, 8, 4, 3, 10] (Fitness: 252696)
22 | [1, 4, 6, 11, 9, 2, 7, 0, 8, 5, 3, 10] (Fitness: 252876)
23 | [1, 4, 6, 11, 9, 2, 7, 0, 8, 5, 3, 10] (Fitness: 252876)
24 | [1, 4, 6, 11, 9, 2, 7, 0, 8, 5, 3, 10] (Fitness: 252876)
25 | [5, 3, 6, 11, 7, 2, 9, 0, 8, 1, 4, 10] (Fitness: 253712)
26 | [1, 3, 0, 11, 7, 2, 9, 6, 8, 5, 4, 10] (Fitness: 256010)
27 | [1, 3, 6, 11, 7, 8, 9, 0, 2, 5, 4, 10] (Fitness: 257150)
28 | [5, 3, 6, 11, 8, 2, 9, 0, 7, 1, 4, 10] (Fitness: 258380)
29 | [1, 3, 6, 11, 7, 4, 9, 0, 8, 5, 2, 10] (Fitness: 259248)
30 | [1, 3, 6, 11, 7, 4, 9, 0, 8, 5, 2, 10] (Fitness: 259248)
31 | [1, 3, 6, 11, 7, 2, 4, 0, 8, 5, 9, 10] (Fitness: 259580)
32 | [1, 4, 6, 11, 7, 2, 9, 0, 8, 3, 5, 10] (Fitness: 259728)
33 | [1, 4, 6, 11, 7, 2, 9, 0, 8, 3, 5, 10] (Fitness: 259728)
34 | [1, 4, 6, 11, 7, 2, 9, 0, 8, 3, 5, 10] (Fitness: 259728)
35 | [4, 1, 6, 11, 7, 3, 9, 0, 8, 5, 2, 10] (Fitness: 264536)
36 | [5, 3, 6, 11, 7, 2, 4, 0, 8, 1, 9, 10] (Fitness: 265524)
37 | [1, 2, 6, 11, 7, 3, 9, 0, 8, 5, 4, 10] (Fitness: 266706)
38 | [1, 2, 6, 11, 7, 3, 9, 0, 8, 5, 4, 10] (Fitness: 266706)
39 | [1, 6, 3, 11, 7, 5, 9, 0, 8, 4, 2, 10] (Fitness: 268318)
40 | [1, 6, 3, 11, 7, 5, 9, 0, 8, 4, 2, 10] (Fitness: 268318)
41 | [1, 4, 6, 11, 7, 5, 9, 0, 8, 3, 2, 10] (Fitness: 271902)
42 | [2, 1, 6, 11, 7, 3, 9, 0, 8, 5, 4, 10] (Fitness: 274418)
43 | [5, 9, 6, 11, 7, 2, 4, 0, 8, 1, 3, 10] (Fitness: 274516)
44 | [1, 2, 6, 11, 7, 5, 9, 0, 8, 4, 3, 10] (Fitness: 276698)
45 | [1, 4, 9, 11, 7, 10, 6, 0, 8, 5, 3, 2] (Fitness: 277186)
46 | [1, 4, 9, 11, 7, 10, 6, 0, 8, 5, 3, 2] (Fitness: 277186)
47 | [5, 3, 6, 11, 7, 2, 9, 1, 8, 0, 4, 10] (Fitness: 277512)
48 | [1, 2, 6, 11, 7, 4, 9, 0, 8, 5, 3, 10] (Fitness: 279626)
49 | [1, 5, 0, 11, 7, 2, 9, 6, 8, 3, 4, 10] (Fitness: 282002)
50 | [5, 3, 0, 11, 8, 2, 9, 6, 7, 1, 4, 10] (Fitness: 282828)
51 | [5, 1, 6, 11, 7, 2, 4, 0, 8, 9, 3, 10] (Fitness: 283072)
52 | [6, 3, 9, 0, 8, 2, 5, 11, 4, 1, 7, 10] (Fitness: 283774)
53 | [3, 5, 6, 11, 7, 2, 4, 0, 8, 1, 9, 10] (Fitness: 286538)
54 | [5, 9, 6, 3, 7, 2, 4, 0, 8, 1, 11, 10] (Fitness: 287992)
55 | [2, 9, 0, 8, 5, 11, 10, 1, 4, 6, 3, 7] (Fitness: 288214)
56 | [1, 0, 3, 11, 7, 2, 9, 6, 8, 5, 4, 10] (Fitness: 289444)
57 | [8, 4, 6, 11, 7, 2, 9, 3, 5, 0, 10, 1] (Fitness: 289520)
58 | [1, 3, 0, 11, 7, 10, 6, 9, 8, 5, 4, 2] (Fitness: 289836)
59 | [1, 3, 0, 11, 7, 4, 9, 6, 8, 5, 2, 10] (Fitness: 291862)
60 | [5, 9, 0, 11, 7, 2, 4, 6, 8, 1, 3, 10] (Fitness: 296372)
61 | [10, 6, 3, 1, 7, 11, 2, 4, 0, 5, 8, 9] (Fitness: 296684)
62 | [1, 4, 0, 11, 7, 3, 9, 6, 8, 5, 2, 10] (Fitness: 296968)
63 | [2, 11, 0, 8, 5, 9, 10, 1, 4, 6, 3, 7] (Fitness: 297252)
64 | [10, 9, 11, 1, 5, 4, 6, 3, 7, 2, 8, 0] (Fitness: 299456)
65 | [6, 10, 3, 1, 4, 11, 2, 7, 0, 5, 8, 9] (Fitness: 299476)
66 | [10, 6, 4, 1, 7, 11, 2, 3, 0, 5, 8, 9] (Fitness: 300222)
67 | [9, 0, 8, 5, 2, 10, 1, 4, 6, 11, 7, 3] (Fitness: 300672)
68 | [6, 2, 8, 1, 9, 0, 10, 5, 3, 7, 11, 4] (Fitness: 303772)
69 | [7, 5, 3, 8, 4, 11, 1, 10, 0, 6, 2, 9] (Fitness: 305588)
70 | [1, 5, 3, 10, 8, 9, 6, 11, 7, 2, 4, 0] (Fitness: 307652)
71 | [2, 11, 0, 8, 5, 3, 10, 1, 4, 6, 9, 7] (Fitness: 312304)
72 | [2, 11, 0, 8, 5, 3, 10, 1, 4, 6, 9, 7] (Fitness: 312304)
73 | [10, 1, 5, 6, 11, 7, 2, 9, 0, 8, 4, 3] (Fitness: 312326)
74 | [6, 11, 5, 8, 4, 2, 1, 10, 0, 7, 3, 9] (Fitness: 312588)
75 | [0, 11, 5, 8, 4, 2, 1, 10, 6, 7, 3, 9] (Fitness: 312894)
76 | [0, 11, 8, 4, 10, 5, 2, 7, 3, 9, 6, 1] (Fitness: 313792)
77 | [0, 11, 8, 4, 10, 5, 2, 7, 3, 9, 6, 1] (Fitness: 313792)
78 | [6, 11, 8, 1, 9, 0, 10, 5, 3, 7, 2, 4] (Fitness: 314872)
79 | [7, 2, 3, 1, 11, 8, 5, 9, 0, 10, 6, 4] (Fitness: 315392)
80 | [8, 4, 2, 10, 11, 9, 6, 1, 7, 3, 5, 0] (Fitness: 315492)
81 | [7, 11, 0, 8, 5, 3, 10, 1, 4, 6, 9, 2] (Fitness: 316832)
82 | [1, 9, 3, 10, 8, 4, 6, 11, 7, 2, 5, 0] (Fitness: 318328)
83 | [7, 5, 3, 8, 4, 2, 1, 10, 0, 6, 11, 9] (Fitness: 319484)
84 | [7, 5, 3, 8, 4, 2, 1, 10, 0, 6, 11, 9] (Fitness: 319484)
85 | [7, 5, 3, 8, 4, 2, 1, 10, 0, 6, 11, 9] (Fitness: 319484)
86 | [6, 3, 5, 8, 4, 2, 1, 10, 0, 7, 11, 9] (Fitness: 319554)
87 | [8, 10, 3, 1, 4, 11, 2, 7, 0, 5, 6, 9] (Fitness: 319892)
88 | [0, 11, 8, 4, 10, 5, 2, 7, 3, 6, 9, 1] (Fitness: 320358)
89 | [1, 5, 3, 10, 8, 4, 6, 11, 7, 2, 9, 0] (Fitness: 321084)
90 | [8, 5, 4, 10, 1, 2, 0, 11, 7, 3, 9, 6] (Fitness: 321380)
91 | [1, 0, 5, 8, 4, 2, 3, 10, 11, 7, 6, 9] (Fitness: 321576)
92 | [10, 6, 4, 1, 7, 5, 2, 3, 0, 8, 11, 9] (Fitness: 322192)
93 | [9, 11, 7, 10, 6, 4, 8, 5, 0, 2, 1, 3] (Fitness: 323104)
94 | [0, 2, 3, 1, 11, 8, 5, 9, 7, 10, 6, 4] (Fitness: 323196)
95 | [2, 9, 0, 8, 5, 3, 10, 1, 4, 6, 11, 7] (Fitness: 323802)
96 | [2, 9, 0, 8, 5, 3, 10, 1, 4, 6, 11, 7] (Fitness: 323802)
97 | [10, 9, 11, 1, 8, 4, 6, 3, 7, 2, 5, 0] (Fitness: 323846)
98 | [8, 4, 2, 10, 1, 9, 6, 11, 7, 3, 5, 0] (Fitness: 324672)
99 | [8, 4, 2, 10, 1, 9, 6, 11, 7, 3, 5, 0] (Fitness: 324672)

Ahora las 20:
Mejor fitness: 238270
Mejor fenotipo: [6, 2, 10, 0, 4, 8, 5, 3, 1, 7, 11, 9]
Mejor fitness: 233848
Mejor fenotipo: [10, 11, 3, 0, 8, 9, 5, 7, 1, 4, 2, 6]
Mejor fitness: 239302
Mejor fenotipo: [1, 9, 4, 3, 5, 11, 8, 0, 10, 7, 6, 2]
Mejor fitness: 234788
Mejor fenotipo: [10, 7, 3, 0, 8, 5, 9, 4, 6, 11, 2, 1]
Mejor fitness: 234788
Mejor fenotipo: [10, 7, 3, 0, 8, 5, 9, 4, 6, 11, 2, 1]

Mejor fitness: 233848
Mejor fenotipo: [10, 11, 3, 0, 8, 9, 5, 7, 1, 4, 2, 6]
Mejor fitness: 229092
Mejor fenotipo: [7, 3, 8, 11, 1, 2, 9, 0, 6, 4, 5, 10]
Mejor fitness: 224416
Mejor fenotipo: [1, 3, 6, 11, 7, 2, 9, 0, 8, 5, 4, 10]
Mejor fitness: 230704
Mejor fenotipo: [10, 11, 3, 0, 1, 9, 4, 8, 7, 5, 2, 6]
Mejor fitness: 229092
Mejor fenotipo: [7, 3, 8, 11, 1, 2, 9, 0, 6, 4, 5, 10]

Mejor fitness: 240492
Mejor fenotipo: [1, 2, 7, 0, 4, 9, 10, 8, 6, 11, 5, 3]
Mejor fitness: 230704
Mejor fenotipo: [10, 11, 3, 0, 1, 9, 4, 8, 7, 5, 2, 6]
Mejor fitness: 241360
Mejor fenotipo: [6, 7, 4, 0, 10, 5, 9, 8, 3, 2, 11, 1]
Mejor fitness: 243460
Mejor fenotipo: [2, 4, 9, 3, 8, 7, 10, 0, 6, 11, 5, 1]
Mejor fitness: 236006
Mejor fenotipo: [9, 3, 5, 0, 2, 6, 8, 7, 1, 4, 11, 10]

Mejor fitness: 237756
Mejor fenotipo: [9, 2, 10, 11, 5, 4, 1, 3, 8, 7, 0, 6]
Mejor fitness: 230704
Mejor fenotipo: [10, 11, 3, 0, 1, 9, 4, 8, 7, 5, 2, 6]
Mejor fitness: 224416
Mejor fenotipo: [1, 3, 6, 11, 7, 2, 9, 0, 8, 5, 4, 10]
Mejor fitness: 235554
Mejor fenotipo: [9, 11, 5, 0, 10, 1, 4, 8, 3, 7, 2, 6]
Mejor fitness: 224416
Mejor fenotipo: [1, 3, 6, 11, 7, 2, 9, 0, 8, 5, 4, 10]