Mejor fitness: 388214
Mejor fenotipo: [6, 4, 12, 2, 0, 14, 10, 13, 5, 1, 7, 8, 3, 9, 11]

Poblacion final:
Numero de cruces: 29487
Numero de mutaciones: 25104
0 | [6, 4, 12, 2, 0, 14, 10, 13, 5, 1, 7, 8, 3, 9, 11] (Fitness: 388214)
1 | [6, 4, 12, 2, 0, 14, 10, 13, 5, 1, 7, 8, 3, 9, 11] (Fitness: 388214)
2 | [6, 4, 12, 2, 0, 14, 10, 13, 5, 1, 7, 8, 3, 9, 11] (Fitness: 388214)
3 | [6, 4, 12, 2, 0, 14, 10, 13, 5, 1, 7, 8, 3, 9, 11] (Fitness: 388214)
4 | [6, 4, 12, 2, 0, 14, 10, 13, 5, 1, 7, 8, 3, 9, 11] (Fitness: 388214)
5 | [9, 4, 12, 2, 0, 14, 10, 13, 5, 1, 7, 8, 3, 6, 11] (Fitness: 396320)
6 | [9, 4, 12, 2, 0, 14, 10, 13, 5, 1, 7, 8, 3, 6, 11] (Fitness: 396320)
7 | [10, 4, 12, 2, 0, 14, 9, 13, 5, 1, 7, 8, 3, 6, 11] (Fitness: 398432)
8 | [6, 4, 12, 2, 0, 14, 8, 13, 5, 1, 7, 10, 3, 9, 11] (Fitness: 399236)
9 | [6, 4, 12, 3, 0, 14, 10, 13, 5, 1, 7, 8, 2, 9, 11] (Fitness: 402462)
10 | [6, 4, 12, 2, 7, 0, 10, 9, 5, 1, 13, 8, 3, 14, 11] (Fitness: 405898)
11 | [6, 4, 12, 8, 0, 14, 10, 13, 5, 1, 7, 2, 3, 9, 11] (Fitness: 405980)
12 | [6, 4, 12, 8, 0, 14, 10, 13, 5, 1, 7, 2, 3, 9, 11] (Fitness: 405980)
13 | [6, 4, 12, 2, 0, 14, 10, 13, 7, 1, 5, 8, 3, 9, 11] (Fitness: 410200)
14 | [6, 4, 12, 2, 0, 9, 10, 13, 5, 1, 7, 8, 3, 14, 11] (Fitness: 411476)
15 | [6, 4, 12, 2, 0, 9, 10, 13, 5, 1, 7, 8, 3, 14, 11] (Fitness: 411476)
16 | [6, 4, 12, 2, 0, 14, 10, 13, 5, 9, 7, 8, 3, 1, 11] (Fitness: 412628)
17 | [6, 4, 12, 2, 0, 14, 10, 13, 11, 1, 7, 8, 3, 9, 5] (Fitness: 415776)
18 | [6, 4, 12, 2, 0, 11, 10, 13, 5, 8, 7, 1, 3, 9, 14] (Fitness: 419188)
19 | [6, 1, 12, 2, 0, 14, 10, 13, 5, 4, 7, 8, 3, 9, 11] (Fitness: 421494)
20 | [6, 14, 12, 2, 0, 4, 10, 13, 5, 1, 7, 8, 3, 9, 11] (Fitness: 422024)
21 | [6, 4, 12, 2, 0, 14, 13, 11, 5, 1, 8, 10, 3, 9, 7] (Fitness: 423418)
22 | [0, 4, 12, 2, 6, 14, 10, 13, 5, 1, 7, 8, 3, 9, 11] (Fitness: 424664)
23 | [9, 4, 2, 12, 0, 14, 10, 13, 5, 1, 7, 8, 3, 6, 11] (Fitness: 430468)
24 | [14, 4, 12, 2, 0, 6, 10, 13, 5, 9, 7, 8, 3, 1, 11] (Fitness: 430712)
25 | [3, 4, 12, 2, 14, 11, 10, 9, 5, 1, 7, 8, 13, 6, 0] (Fitness: 430810)
26 | [9, 4, 1, 2, 0, 14, 10, 13, 5, 12, 7, 8, 3, 6, 11] (Fitness: 431684)
27 | [6, 8, 9, 2, 0, 14, 10, 13, 5, 1, 7, 4, 3, 12, 11] (Fitness: 434238)
28 | [11, 8, 12, 2, 0, 14, 10, 5, 13, 1, 7, 4, 3, 9, 6] (Fitness: 434288)
29 | [3, 4, 12, 2, 13, 0, 10, 14, 5, 1, 7, 9, 6, 8, 11] (Fitness: 435106)
30 | [6, 1, 12, 2, 4, 14, 10, 13, 5, 0, 7, 8, 3, 9, 11] (Fitness: 435936)
31 | [6, 4, 12, 1, 0, 14, 10, 13, 5, 8, 7, 2, 3, 9, 11] (Fitness: 437544)
32 | [6, 4, 13, 2, 0, 11, 10, 12, 5, 1, 14, 8, 3, 9, 7] (Fitness: 438358)
33 | [9, 4, 5, 2, 12, 7, 10, 13, 0, 1, 14, 8, 3, 6, 11] (Fitness: 440144)
34 | [6, 4, 8, 12, 0, 14, 10, 13, 5, 9, 7, 2, 3, 1, 11] (Fitness: 440552)
35 | [12, 4, 9, 2, 0, 14, 10, 13, 1, 5, 7, 8, 3, 6, 11] (Fitness: 444266)
36 | [3, 4, 12, 2, 0, 14, 10, 7, 5, 1, 6, 11, 8, 9, 13] (Fitness: 448348)
37 | [6, 10, 12, 4, 0, 7, 2, 13, 5, 1, 14, 8, 3, 9, 11] (Fitness: 455214)
38 | [3, 4, 12, 2, 7, 14, 0, 8, 5, 1, 10, 13, 6, 9, 11] (Fitness: 459726)
39 | [6, 4, 12, 5, 11, 14, 10, 2, 13, 1, 7, 0, 3, 9, 8] (Fitness: 461144)
40 | [10, 14, 12, 2, 9, 4, 6, 13, 7, 1, 5, 8, 3, 0, 11] (Fitness: 461972)
41 | [9, 10, 1, 2, 0, 14, 8, 13, 5, 12, 7, 4, 3, 6, 11] (Fitness: 462468)
42 | [2, 6, 12, 4, 8, 14, 10, 13, 5, 1, 7, 0, 3, 9, 11] (Fitness: 463932)
43 | [14, 4, 3, 2, 0, 8, 10, 13, 1, 5, 7, 11, 12, 9, 6] (Fitness: 464622)
44 | [9, 4, 3, 2, 6, 14, 10, 13, 8, 1, 7, 5, 12, 0, 11] (Fitness: 464820)
45 | [12, 4, 6, 2, 0, 11, 10, 14, 8, 5, 13, 1, 3, 9, 7] (Fitness: 468120)
46 | [6, 4, 12, 2, 7, 14, 10, 1, 9, 13, 11, 8, 3, 5, 0] (Fitness: 471424)
47 | [6, 5, 1, 8, 7, 14, 10, 3, 4, 12, 0, 2, 9, 13, 11] (Fitness: 471704)
48 | [6, 4, 10, 2, 0, 14, 12, 13, 5, 11, 7, 8, 3, 9, 1] (Fitness: 480336)
49 | [9, 4, 12, 0, 2, 3, 10, 11, 14, 1, 7, 8, 6, 5, 13] (Fitness: 488198)

Mejor fitness: 396492
Mejor fenotipo: [5, 0, 12, 7, 4, 3, 6, 11, 8, 9, 13, 14, 1, 10, 2]
Mejor fitness: 394654
Mejor fenotipo: [13, 0, 12, 2, 8, 4, 6, 5, 3, 10, 11, 7, 1, 9, 14]
Mejor fitness: 394654
Mejor fenotipo: [13, 0, 12, 2, 8, 4, 6, 5, 3, 10, 11, 7, 1, 9, 14]
Mejor fitness: 399670
Mejor fenotipo: [14, 4, 13, 7, 12, 2, 6, 11, 1, 0, 8, 9, 10, 5, 3]
Mejor fitness: 394658
Mejor fenotipo: [3, 0, 13, 11, 12, 4, 6, 7, 8, 9, 14, 5, 10, 1, 2]

Mejor fitness: 401276
Mejor fenotipo: [8, 7, 12, 0, 6, 1, 4, 13, 3, 11, 10, 14, 2, 5, 9]
Mejor fitness: 391586
Mejor fenotipo: [13, 8, 14, 11, 12, 3, 10, 4, 9, 0, 2, 5, 6, 7, 1]
Mejor fitness: 392520
Mejor fenotipo: [9, 1, 12, 14, 4, 2, 6, 10, 13, 11, 8, 7, 0, 5, 3]
Mejor fitness: 401936
Mejor fenotipo: [6, 8, 4, 2, 12, 7, 5, 3, 0, 10, 1, 11, 13, 9, 14]
Mejor fitness: 391744
Mejor fenotipo: [6, 4, 12, 3, 9, 0, 8, 7, 5, 1, 13, 14, 2, 10, 11]

Mejor fitness: 391288
Mejor fenotipo: [0, 8, 4, 11, 12, 2, 6, 14, 13, 7, 1, 5, 10, 9, 3]
Mejor fitness: 395612
Mejor fenotipo: [0, 11, 2, 8, 1, 3, 10, 6, 14, 13, 9, 5, 4, 7, 12]
Mejor fitness: 399452
Mejor fenotipo: [12, 5, 13, 8, 1, 6, 4, 2, 7, 3, 10, 11, 0, 14, 9]
Mejor fitness: 388214
Mejor fenotipo: [6, 4, 12, 2, 0, 14, 10, 13, 5, 1, 7, 8, 3, 9, 11]
Mejor fitness: 391170
Mejor fenotipo: [9, 3, 2, 4, 7, 0, 8, 1, 11, 10, 14, 13, 5, 6, 12]

Mejor fitness: 404332
Mejor fenotipo: [8, 6, 7, 12, 11, 0, 10, 9, 2, 14, 5, 1, 3, 4, 13]
Mejor fitness: 404012
Mejor fenotipo: [9, 13, 12, 0, 14, 3, 10, 7, 1, 11, 4, 5, 6, 8, 2]
Mejor fitness: 402290
Mejor fenotipo: [8, 4, 12, 7, 0, 3, 10, 5, 1, 11, 13, 14, 9, 6, 2]
Mejor fitness: 398010
Mejor fenotipo: [8, 5, 13, 9, 7, 6, 2, 4, 1, 11, 14, 10, 3, 12, 0]
Mejor fitness: 405440
Mejor fenotipo: [10, 9, 0, 6, 14, 11, 3, 1, 4, 8, 12, 5, 13, 2, 7]
