Mejor fitness: 1874540
Mejor fenotipo: [29, 23, 14, 11, 9, 3, 25, 1, 19, 18, 2, 21, 27, 4, 13, 26, 20, 5, 28, 17, 7, 16, 8, 10, 12, 24, 0, 15, 22, 6]

Poblacion final:
Numero de cruces: 49470
Numero de mutaciones: 12093
0 | [29, 23, 14, 11, 9, 3, 25, 1, 19, 18, 2, 21, 27, 4, 13, 26, 20, 5, 28, 17, 7, 16, 8, 10, 12, 24, 0, 15, 22, 6] (Fitness: 1874540)
1 | [29, 23, 14, 11, 9, 3, 25, 1, 19, 18, 2, 21, 27, 4, 13, 26, 20, 5, 28, 17, 7, 16, 8, 10, 12, 24, 0, 15, 22, 6] (Fitness: 1874540)
2 | [29, 23, 14, 11, 9, 3, 25, 1, 19, 18, 2, 21, 27, 4, 13, 26, 20, 5, 28, 17, 7, 16, 8, 10, 12, 24, 0, 15, 22, 6] (Fitness: 1874540)
3 | [29, 23, 14, 11, 9, 3, 25, 1, 19, 18, 2, 21, 27, 4, 13, 26, 20, 5, 28, 17, 7, 16, 8, 10, 12, 24, 0, 15, 22, 6] (Fitness: 1874540)
4 | [29, 23, 14, 11, 9, 3, 25, 1, 19, 18, 2, 21, 27, 4, 13, 26, 20, 5, 28, 17, 7, 16, 8, 10, 12, 24, 0, 15, 22, 6] (Fitness: 1874540)
5 | [29, 23, 14, 11, 9, 3, 25, 1, 19, 18, 2, 21, 27, 4, 13, 26, 20, 5, 28, 17, 7, 16, 8, 10, 12, 24, 0, 15, 22, 6] (Fitness: 1874540)
6 | [29, 23, 14, 11, 9, 3, 25, 1, 19, 18, 2, 21, 27, 4, 13, 26, 20, 5, 28, 17, 7, 16, 8, 10, 12, 24, 0, 15, 22, 6] (Fitness: 1874540)
7 | [29, 23, 14, 11, 9, 3, 25, 1, 19, 18, 2, 21, 27, 4, 13, 26, 20, 5, 28, 17, 7, 16, 8, 10, 12, 24, 0, 15, 22, 6] (Fitness: 1874540)
8 | [29, 23, 14, 11, 9, 3, 25, 1, 19, 18, 2, 21, 27, 4, 13, 26, 20, 5, 28, 17, 7, 16, 8, 10, 24, 12, 0, 15, 22, 6] (Fitness: 1898796)
9 | [29, 23, 14, 11, 9, 3, 25, 1, 19, 18, 2, 21, 27, 4, 13, 26, 20, 5, 28, 17, 7, 16, 8, 10, 24, 12, 0, 15, 22, 6] (Fitness: 1898796)
10 | [29, 23, 14, 11, 9, 3, 25, 1, 19, 18, 2, 21, 27, 4, 13, 26, 20, 5, 28, 17, 7, 16, 8, 10, 12, 24, 0, 6, 22, 15] (Fitness: 1906110)
11 | [29, 23, 14, 11, 9, 3, 25, 1, 19, 18, 2, 21, 5, 4, 13, 26, 20, 27, 28, 17, 7, 16, 8, 10, 12, 24, 0, 15, 22, 6] (Fitness: 1909386)
12 | [29, 23, 14, 7, 9, 3, 25, 1, 19, 18, 2, 21, 27, 4, 13, 26, 20, 5, 28, 17, 11, 16, 6, 10, 12, 24, 0, 15, 22, 8] (Fitness: 1911564)
13 | [29, 6, 14, 11, 9, 3, 25, 1, 19, 18, 2, 21, 27, 4, 13, 26, 20, 5, 28, 17, 7, 16, 8, 10, 12, 24, 0, 15, 22, 23] (Fitness: 1920704)
14 | [29, 6, 14, 11, 9, 3, 25, 1, 19, 18, 2, 21, 27, 4, 13, 26, 20, 5, 28, 17, 7, 16, 8, 10, 12, 24, 0, 15, 22, 23] (Fitness: 1920704)
15 | [29, 23, 14, 11, 9, 3, 26, 1, 25, 18, 2, 21, 27, 4, 13, 19, 20, 5, 28, 17, 7, 16, 8, 10, 12, 24, 0, 15, 22, 6] (Fitness: 1920890)
16 | [29, 23, 14, 11, 9, 3, 25, 1, 19, 18, 2, 21, 27, 4, 13, 26, 20, 5, 28, 17, 7, 16, 8, 10, 12, 24, 0, 22, 15, 6] (Fitness: 1921586)
17 | [29, 23, 14, 6, 9, 3, 25, 1, 19, 18, 2, 21, 27, 4, 13, 26, 20, 5, 28, 17, 7, 16, 8, 10, 12, 24, 0, 11, 22, 15] (Fitness: 1922730)
18 | [29, 23, 14, 11, 9, 3, 19, 1, 25, 18, 2, 21, 27, 4, 13, 26, 20, 5, 28, 17, 7, 24, 8, 10, 12, 16, 0, 15, 22, 6] (Fitness: 1926204)
19 | [29, 23, 14, 11, 9, 3, 19, 1, 25, 18, 2, 21, 27, 4, 13, 26, 20, 5, 28, 17, 7, 16, 8, 10, 15, 24, 0, 12, 22, 6] (Fitness: 1928222)
20 | [29, 23, 14, 11, 9, 3, 25, 1, 19, 18, 2, 21, 27, 4, 13, 26, 20, 5, 28, 17, 7, 16, 8, 10, 24, 12, 0, 6, 22, 15] (Fitness: 1931556)
21 | [29, 23, 14, 11, 9, 3, 25, 1, 19, 18, 2, 21, 27, 4, 13, 26, 20, 5, 28, 17, 7, 16, 8, 10, 24, 12, 0, 6, 22, 15] (Fitness: 1931556)
22 | [6, 23, 14, 11, 9, 3, 25, 1, 26, 18, 2, 21, 27, 4, 13, 19, 20, 5, 28, 17, 7, 16, 8, 10, 12, 24, 0, 15, 22, 29] (Fitness: 1936576)
23 | [6, 23, 14, 11, 9, 3, 25, 1, 19, 18, 2, 21, 27, 4, 13, 26, 20, 5, 28, 17, 7, 24, 8, 10, 12, 16, 0, 15, 22, 29] (Fitness: 1940618)
24 | [6, 23, 14, 11, 9, 3, 25, 1, 19, 18, 2, 21, 27, 4, 13, 26, 20, 5, 28, 17, 7, 24, 8, 10, 12, 16, 0, 15, 22, 29] (Fitness: 1940618)
25 | [6, 23, 14, 11, 9, 3, 25, 1, 19, 18, 2, 21, 27, 4, 13, 26, 20, 5, 28, 17, 7, 24, 8, 10, 12, 16, 0, 15, 22, 29] (Fitness: 1940618)
26 | [6, 23, 14, 11, 9, 3, 25, 1, 19, 18, 2, 21, 27, 4, 13, 26, 20, 5, 28, 17, 7, 24, 8, 10, 12, 16, 0, 15, 22, 29] (Fitness: 1940618)
27 | [6, 23, 14, 11, 9, 3, 25, 1, 19, 18, 2, 21, 27, 4, 13, 26, 20, 5, 28, 17, 7, 24, 8, 10, 12, 16, 0, 15, 22, 29] (Fitness: 1940618)
28 | [29, 23, 14, 11, 9, 3, 25, 1, 19, 18, 2, 21, 27, 4, 13, 26, 20, 5, 28, 17, 7, 16, 8, 10, 24, 12, 6, 22, 15, 0] (Fitness: 1950322)
29 | [29, 23, 14, 11, 9, 3, 25, 1, 19, 18, 2, 21, 27, 4, 13, 26, 20, 5, 28, 17, 7, 24, 8, 10, 12, 16, 0, 6, 22, 15] (Fitness: 1953356)
30 | [6, 20, 14, 11, 9, 3, 25, 1, 19, 18, 2, 21, 27, 4, 13, 26, 23, 5, 28, 17, 7, 16, 8, 10, 12, 24, 0, 29, 22, 15] (Fitness: 1962814)
31 | [29, 23, 14, 11, 9, 3, 25, 1, 19, 18, 2, 21, 5, 4, 13, 26, 20, 27, 28, 17, 7, 16, 8, 10, 24, 12, 0, 6, 22, 15] (Fitness: 1963174)
32 | [29, 23, 14, 11, 9, 3, 0, 1, 19, 18, 2, 21, 27, 4, 13, 26, 20, 5, 28, 17, 7, 16, 8, 10, 24, 12, 25, 6, 22, 15] (Fitness: 1963868)
33 | [29, 23, 14, 11, 9, 3, 19, 1, 25, 18, 2, 21, 27, 0, 13, 26, 20, 5, 28, 17, 7, 16, 8, 12, 24, 22, 4, 15, 10, 6] (Fitness: 1967132)
34 | [29, 10, 14, 0, 9, 3, 25, 1, 19, 18, 2, 21, 5, 4, 13, 26, 20, 27, 28, 17, 7, 16, 8, 22, 12, 24, 11, 15, 23, 6] (Fitness: 1971730)
35 | [29, 6, 14, 11, 9, 3, 25, 1, 19, 18, 2, 21, 27, 4, 13, 26, 20, 5, 28, 17, 7, 16, 8, 10, 15, 12, 0, 24, 22, 23] (Fitness: 1973908)
36 | [6, 23, 14, 9, 11, 3, 25, 1, 19, 18, 2, 21, 27, 4, 13, 26, 20, 5, 28, 17, 7, 24, 8, 10, 12, 16, 0, 15, 22, 29] (Fitness: 1974356)
37 | [29, 23, 14, 11, 9, 3, 0, 19, 26, 18, 2, 21, 27, 4, 13, 1, 20, 5, 28, 17, 7, 16, 8, 10, 24, 12, 25, 15, 22, 6] (Fitness: 1977374)
38 | [29, 23, 22, 7, 9, 3, 25, 1, 19, 18, 2, 21, 27, 4, 13, 26, 20, 5, 28, 17, 11, 16, 8, 10, 24, 12, 0, 6, 14, 15] (Fitness: 1984368)
39 | [29, 23, 22, 7, 9, 3, 25, 1, 19, 18, 2, 21, 27, 4, 13, 26, 20, 5, 28, 17, 11, 16, 8, 10, 24, 12, 0, 6, 14, 15] (Fitness: 1984368)
40 | [11, 23, 14, 15, 9, 3, 25, 1, 19, 18, 2, 21, 0, 4, 13, 26, 20, 5, 28, 17, 7, 29, 16, 10, 12, 6, 27, 22, 8, 24] (Fitness: 1985328)
41 | [11, 23, 14, 15, 9, 3, 25, 1, 19, 18, 2, 21, 0, 4, 13, 26, 20, 5, 28, 17, 7, 29, 16, 10, 12, 6, 27, 22, 8, 24] (Fitness: 1985328)
42 | [29, 23, 15, 7, 9, 3, 25, 1, 19, 18, 2, 21, 27, 4, 13, 26, 20, 5, 28, 17, 11, 16, 8, 10, 24, 12, 0, 6, 14, 22] (Fitness: 1989226)
43 | [12, 29, 14, 11, 9, 3, 25, 1, 19, 18, 2, 21, 27, 4, 13, 26, 20, 23, 28, 17, 7, 16, 8, 10, 22, 24, 0, 6, 5, 15] (Fitness: 1989810)
44 | [29, 23, 14, 6, 9, 3, 0, 1, 19, 18, 2, 21, 27, 16, 13, 26, 20, 5, 28, 17, 7, 11, 8, 10, 12, 24, 25, 22, 15, 4] (Fitness: 1991810)
45 | [29, 23, 14, 6, 9, 3, 0, 1, 19, 18, 2, 21, 27, 16, 13, 26, 20, 5, 28, 17, 7, 11, 8, 10, 12, 24, 25, 22, 15, 4] (Fitness: 1991810)
46 | [29, 1, 22, 11, 9, 3, 25, 23, 19, 18, 2, 21, 27, 0, 13, 26, 20, 5, 28, 17, 7, 16, 6, 10, 12, 24, 4, 15, 14, 8] (Fitness: 1992492)
47 | [8, 15, 14, 11, 9, 3, 25, 1, 19, 18, 2, 21, 27, 4, 13, 26, 23, 5, 28, 17, 7, 29, 16, 10, 12, 24, 0, 20, 22, 6] (Fitness: 1996588)
48 | [8, 15, 14, 11, 9, 3, 25, 1, 19, 18, 2, 21, 27, 4, 13, 26, 23, 5, 28, 17, 7, 29, 16, 10, 12, 24, 0, 20, 22, 6] (Fitness: 1996588)
49 | [29, 23, 14, 11, 9, 3, 25, 1, 19, 18, 2, 21, 0, 4, 13, 26, 20, 5, 28, 17, 7, 16, 10, 15, 12, 27, 24, 22, 8, 6] (Fitness: 2019208)
50 | [29, 1, 14, 11, 9, 25, 10, 23, 19, 18, 2, 21, 27, 0, 13, 26, 20, 5, 28, 17, 7, 16, 8, 12, 24, 22, 4, 15, 3, 6] (Fitness: 2019814)
51 | [29, 1, 14, 11, 9, 25, 10, 23, 19, 18, 2, 21, 27, 0, 13, 26, 20, 5, 28, 17, 7, 16, 8, 12, 24, 22, 4, 15, 3, 6] (Fitness: 2019814)
52 | [25, 20, 14, 11, 9, 3, 29, 23, 19, 18, 2, 21, 27, 4, 13, 26, 1, 5, 28, 17, 7, 16, 6, 10, 12, 8, 0, 24, 22, 15] (Fitness: 2020354)
53 | [29, 12, 14, 11, 9, 0, 25, 1, 19, 18, 2, 21, 27, 4, 13, 26, 20, 10, 28, 17, 7, 16, 8, 5, 24, 6, 3, 15, 22, 23] (Fitness: 2022456)
54 | [29, 23, 14, 11, 9, 3, 25, 1, 19, 18, 2, 21, 27, 4, 13, 26, 20, 7, 5, 28, 17, 16, 8, 12, 15, 24, 6, 22, 10, 0] (Fitness: 2022794)
55 | [29, 18, 14, 6, 9, 3, 25, 1, 19, 4, 11, 21, 2, 27, 13, 26, 20, 5, 28, 17, 7, 16, 8, 10, 24, 12, 0, 15, 22, 23] (Fitness: 2025254)
56 | [8, 23, 14, 11, 9, 3, 25, 1, 19, 18, 2, 21, 27, 13, 26, 6, 15, 5, 28, 17, 7, 29, 16, 10, 12, 24, 0, 20, 22, 4] (Fitness: 2026296)
57 | [29, 0, 14, 11, 9, 3, 25, 1, 19, 18, 2, 21, 27, 4, 13, 26, 20, 5, 28, 15, 7, 16, 6, 23, 12, 24, 10, 22, 17, 8] (Fitness: 2031830)
58 | [29, 23, 10, 11, 9, 3, 26, 1, 25, 16, 2, 21, 27, 4, 13, 19, 20, 5, 28, 17, 7, 18, 8, 12, 24, 22, 0, 15, 14, 6] (Fitness: 2034232)
59 | [29, 1, 14, 11, 9, 25, 12, 23, 19, 18, 2, 21, 27, 4, 13, 26, 20, 5, 28, 17, 7, 16, 8, 10, 15, 24, 6, 22, 3, 0] (Fitness: 2039392)
60 | [29, 10, 14, 0, 9, 3, 25, 1, 19, 18, 2, 21, 27, 4, 13, 26, 20, 5, 28, 15, 7, 16, 6, 23, 12, 24, 11, 17, 22, 8] (Fitness: 2041692)
61 | [29, 23, 14, 11, 9, 3, 0, 1, 19, 18, 2, 21, 27, 4, 13, 26, 20, 7, 5, 28, 17, 16, 8, 12, 15, 24, 6, 22, 10, 25] (Fitness: 2048862)
62 | [29, 23, 14, 11, 9, 3, 0, 1, 19, 18, 2, 21, 27, 4, 13, 26, 20, 7, 5, 28, 17, 16, 8, 12, 15, 24, 6, 22, 10, 25] (Fitness: 2048862)
63 | [29, 23, 14, 11, 9, 3, 0, 1, 19, 18, 2, 21, 27, 4, 13, 26, 20, 7, 5, 28, 17, 16, 8, 12, 15, 24, 6, 22, 10, 25] (Fitness: 2048862)
64 | [24, 1, 14, 6, 9, 3, 25, 23, 19, 18, 2, 21, 27, 4, 13, 26, 12, 5, 11, 17, 7, 16, 20, 10, 28, 0, 29, 8, 22, 15] (Fitness: 2049910)
65 | [29, 23, 14, 11, 9, 3, 19, 1, 21, 0, 13, 26, 27, 4, 2, 25, 12, 28, 5, 17, 7, 18, 8, 10, 24, 20, 16, 15, 22, 6] (Fitness: 2053300)
66 | [29, 23, 14, 11, 9, 3, 25, 1, 19, 18, 2, 21, 27, 4, 22, 26, 5, 28, 17, 7, 16, 8, 10, 13, 12, 24, 0, 15, 20, 6] (Fitness: 2053430)
67 | [29, 23, 14, 11, 9, 3, 25, 1, 19, 4, 6, 21, 2, 27, 13, 26, 20, 5, 28, 17, 7, 16, 8, 10, 24, 12, 0, 22, 15, 18] (Fitness: 2054530)
68 | [24, 1, 14, 6, 9, 3, 25, 7, 19, 18, 2, 21, 27, 4, 13, 26, 12, 28, 17, 15, 5, 16, 20, 10, 11, 0, 29, 8, 22, 23] (Fitness: 2064476)
69 | [6, 1, 14, 0, 9, 3, 25, 23, 19, 18, 2, 21, 27, 4, 13, 26, 20, 5, 28, 15, 7, 24, 8, 10, 12, 16, 11, 17, 22, 29] (Fitness: 2067542)
70 | [20, 25, 14, 11, 9, 22, 2, 1, 21, 19, 18, 4, 27, 13, 26, 23, 29, 5, 28, 17, 7, 16, 8, 10, 24, 12, 0, 6, 3, 15] (Fitness: 2069652)
71 | [29, 23, 14, 6, 9, 3, 25, 1, 19, 4, 11, 21, 2, 27, 13, 26, 20, 5, 28, 17, 7, 16, 8, 10, 24, 12, 0, 22, 15, 18] (Fitness: 2071866)
72 | [23, 15, 14, 11, 9, 3, 25, 1, 19, 18, 2, 21, 27, 4, 13, 20, 5, 28, 17, 7, 16, 29, 8, 10, 12, 24, 26, 22, 0, 6] (Fitness: 2073116)
73 | [29, 23, 14, 16, 9, 3, 19, 1, 25, 18, 2, 21, 27, 13, 26, 20, 8, 5, 28, 17, 7, 6, 11, 10, 12, 15, 24, 0, 4, 22] (Fitness: 2081370)
74 | [4, 23, 14, 9, 3, 11, 25, 1, 19, 18, 2, 21, 27, 13, 26, 6, 15, 5, 17, 28, 7, 16, 8, 10, 12, 24, 0, 20, 22, 29] (Fitness: 2082932)
75 | [29, 23, 6, 11, 9, 3, 26, 1, 25, 16, 2, 21, 0, 4, 13, 19, 20, 5, 28, 17, 7, 18, 10, 15, 12, 27, 24, 22, 8, 14] (Fitness: 2084036)
76 | [29, 10, 22, 0, 9, 3, 25, 1, 19, 24, 2, 21, 27, 4, 13, 26, 20, 5, 28, 15, 7, 16, 6, 23, 12, 18, 11, 17, 14, 8] (Fitness: 2087088)
77 | [29, 23, 12, 11, 9, 3, 25, 1, 19, 17, 2, 21, 0, 4, 13, 26, 20, 5, 28, 18, 7, 16, 15, 8, 24, 22, 27, 10, 14, 6] (Fitness: 2087450)
78 | [24, 1, 14, 6, 9, 3, 25, 23, 19, 18, 2, 21, 27, 4, 13, 26, 12, 28, 17, 15, 5, 16, 20, 10, 7, 0, 29, 8, 22, 11] (Fitness: 2091844)
79 | [24, 1, 14, 6, 9, 3, 25, 23, 19, 18, 2, 21, 27, 4, 13, 26, 12, 28, 17, 15, 5, 16, 20, 10, 7, 0, 29, 8, 22, 11] (Fitness: 2091844)
80 | [23, 10, 14, 19, 9, 3, 6, 1, 29, 2, 25, 21, 27, 4, 13, 26, 20, 5, 11, 17, 7, 28, 15, 8, 24, 12, 22, 0, 16, 18] (Fitness: 2094452)
81 | [23, 15, 14, 11, 9, 3, 0, 19, 26, 18, 2, 21, 27, 4, 13, 20, 5, 28, 17, 7, 16, 29, 8, 10, 12, 24, 1, 22, 25, 6] (Fitness: 2098620)
82 | [0, 11, 23, 22, 9, 14, 20, 26, 19, 18, 2, 21, 27, 4, 13, 6, 15, 5, 28, 17, 7, 24, 8, 10, 12, 1, 3, 16, 29, 25] (Fitness: 2101664)
83 | [0, 11, 23, 22, 9, 14, 20, 26, 19, 18, 2, 21, 27, 4, 13, 6, 15, 5, 28, 17, 7, 24, 8, 10, 12, 1, 3, 16, 29, 25] (Fitness: 2101664)
84 | [0, 11, 23, 22, 9, 14, 20, 26, 19, 18, 2, 21, 27, 4, 13, 6, 15, 5, 28, 17, 7, 24, 8, 10, 12, 1, 3, 16, 29, 25] (Fitness: 2101664)
85 | [12, 23, 14, 11, 9, 3, 0, 1, 21, 19, 18, 4, 27, 13, 26, 20, 29, 25, 28, 17, 7, 16, 8, 10, 22, 24, 2, 6, 5, 15] (Fitness: 2104222)
86 | [12, 20, 14, 11, 9, 22, 2, 1, 21, 19, 18, 4, 27, 13, 26, 23, 29, 25, 28, 17, 7, 16, 8, 10, 3, 24, 0, 6, 5, 15] (Fitness: 2110062)
87 | [29, 23, 12, 11, 9, 3, 25, 1, 19, 17, 2, 21, 4, 13, 26, 0, 20, 5, 28, 18, 7, 16, 15, 8, 24, 22, 27, 10, 14, 6] (Fitness: 2112042)
88 | [29, 3, 23, 11, 25, 1, 19, 2, 9, 6, 21, 14, 4, 27, 26, 13, 20, 5, 28, 17, 7, 16, 8, 10, 12, 18, 0, 24, 15, 22] (Fitness: 2114402)
89 | [6, 14, 9, 11, 3, 23, 19, 1, 25, 18, 2, 21, 27, 13, 26, 20, 8, 5, 28, 17, 7, 29, 16, 10, 12, 15, 24, 0, 4, 22] (Fitness: 2117956)
90 | [6, 23, 14, 11, 9, 3, 25, 1, 19, 4, 16, 21, 2, 27, 13, 26, 20, 5, 28, 15, 24, 18, 10, 7, 12, 17, 29, 22, 8, 0] (Fitness: 2118322)
91 | [1, 6, 3, 11, 14, 9, 25, 23, 19, 18, 2, 21, 27, 4, 13, 26, 20, 7, 5, 28, 17, 16, 8, 12, 15, 10, 0, 24, 22, 29] (Fitness: 2145086)
92 | [18, 23, 14, 7, 9, 3, 19, 1, 29, 2, 25, 21, 27, 4, 13, 26, 20, 28, 17, 15, 5, 16, 6, 10, 12, 8, 0, 24, 22, 11] (Fitness: 2151178)
93 | [29, 20, 14, 11, 9, 22, 25, 2, 1, 18, 0, 21, 27, 4, 13, 19, 26, 23, 7, 5, 28, 17, 16, 8, 12, 15, 24, 6, 3, 10] (Fitness: 2172130)
94 | [18, 23, 14, 11, 9, 19, 1, 2, 25, 21, 27, 20, 4, 13, 26, 3, 5, 28, 17, 7, 29, 0, 16, 6, 10, 12, 8, 24, 22, 15] (Fitness: 2179392)
95 | [29, 12, 8, 26, 21, 9, 3, 23, 25, 1, 11, 19, 2, 17, 0, 4, 13, 20, 5, 18, 7, 16, 24, 22, 27, 10, 28, 14, 15, 6] (Fitness: 2181810)
96 | [1, 29, 11, 9, 3, 6, 19, 24, 18, 2, 21, 14, 4, 27, 26, 20, 5, 28, 17, 7, 16, 8, 10, 13, 12, 15, 0, 22, 23, 25] (Fitness: 2188540)
97 | [24, 2, 23, 8, 9, 14, 28, 5, 11, 13, 7, 17, 18, 1, 21, 4, 3, 26, 20, 27, 19, 16, 22, 10, 15, 12, 0, 6, 29, 25] (Fitness: 2192042)
98 | [29, 3, 23, 11, 25, 1, 19, 2, 9, 6, 21, 14, 4, 27, 26, 20, 5, 28, 17, 7, 16, 8, 10, 13, 12, 24, 0, 18, 15, 22] (Fitness: 2198514)
99 | [3, 11, 20, 19, 9, 6, 27, 25, 13, 1, 14, 28, 21, 29, 4, 7, 16, 26, 8, 15, 24, 23, 0, 18, 17, 5, 2, 12, 10, 22] (Fitness: 2198958)



Mejor fitness: 1916578
Mejor fenotipo: [6, 20, 27, 19, 28, 21, 3, 2, 4, 8, 7, 23, 11, 24, 12, 5, 18, 29, 25, 10, 1, 9, 26, 16, 0, 17, 22, 14, 15, 13]
Mejor fitness: 1888216
Mejor fenotipo: [14, 18, 25, 8, 11, 7, 12, 1, 9, 16, 15, 4, 10, 17, 27, 20, 21, 0, 6, 23, 5, 29, 26, 24, 3, 2, 19, 13, 22, 28]
Mejor fitness: 1905400
Mejor fenotipo: [0, 11, 1, 4, 26, 25, 21, 18, 28, 16, 29, 12, 17, 15, 20, 9, 10, 22, 5, 8, 24, 3, 13, 7, 2, 19, 27, 23, 6, 14]
Mejor fitness: 1912518
Mejor fenotipo: [13, 11, 12, 6, 26, 29, 9, 21, 23, 1, 4, 19, 18, 22, 24, 16, 7, 15, 25, 5, 3, 20, 17, 0, 2, 28, 27, 14, 8, 10]
Mejor fitness: 1918272
Mejor fenotipo: [8, 6, 25, 17, 7, 9, 11, 5, 27, 2, 12, 18, 16, 14, 24, 15, 26, 23, 4, 20, 3, 21, 29, 1, 0, 10, 19, 13, 22, 28]

Mejor fitness: 1910258
Mejor fenotipo: [27, 19, 0, 21, 22, 18, 23, 3, 15, 9, 17, 10, 1, 29, 20, 8, 24, 2, 28, 6, 7, 5, 14, 16, 4, 13, 11, 12, 25, 26]
Mejor fitness: 1903182
Mejor fenotipo: [18, 20, 1, 4, 29, 19, 8, 10, 9, 0, 3, 21, 5, 15, 24, 23, 17, 25, 27, 13, 12, 26, 2, 22, 28, 6, 16, 11, 14, 7]
Mejor fitness: 1909976
Mejor fenotipo: [0, 2, 13, 15, 9, 7, 6, 16, 14, 19, 3, 18, 21, 4, 23, 22, 1, 10, 8, 25, 17, 28, 12, 20, 26, 29, 27, 5, 24, 11]
Mejor fitness: 1894928
Mejor fenotipo: [17, 19, 9, 26, 25, 15, 11, 0, 6, 27, 3, 16, 29, 7, 12, 8, 1, 21, 5, 24, 22, 4, 14, 23, 20, 13, 18, 28, 10, 2]
Mejor fitness: 1902742
Mejor fenotipo: [17, 6, 12, 2, 9, 27, 16, 19, 8, 13, 11, 1, 0, 26, 3, 24, 10, 18, 7, 23, 28, 4, 25, 14, 5, 29, 21, 22, 20, 15]

Mejor fitness: 1907024
Mejor fenotipo: [23, 14, 1, 9, 25, 28, 11, 8, 6, 21, 19, 3, 17, 18, 12, 15, 2, 22, 20, 24, 27, 26, 29, 16, 4, 13, 10, 7, 5, 0]
Mejor fitness: 1907448
Mejor fenotipo: [14, 8, 25, 11, 26, 28, 4, 19, 13, 20, 5, 0, 22, 24, 27, 16, 21, 12, 2, 10, 18, 23, 1, 7, 15, 3, 29, 9, 17, 6]
Mejor fitness: 1908624
Mejor fenotipo: [20, 14, 19, 5, 3, 28, 17, 8, 24, 18, 29, 21, 15, 0, 27, 10, 12, 13, 4, 16, 6, 26, 7, 22, 9, 23, 11, 1, 25, 2]
Mejor fitness: 1876188
Mejor fenotipo: [5, 27, 23, 2, 11, 7, 4, 1, 24, 0, 20, 18, 25, 13, 14, 3, 12, 10, 6, 16, 17, 29, 26, 15, 8, 19, 22, 9, 21, 28]
Mejor fitness: 1898272
Mejor fenotipo: [11, 15, 1, 8, 23, 9, 4, 22, 12, 16, 28, 19, 5, 10, 27, 26, 20, 6, 2, 0, 17, 29, 21, 24, 25, 3, 14, 18, 7, 13]

Mejor fitness: 1914482
Mejor fenotipo: [10, 27, 12, 20, 4, 3, 19, 15, 28, 22, 7, 9, 17, 14, 13, 5, 8, 18, 1, 25, 2, 26, 23, 0, 11, 16, 6, 21, 29, 24]
Mejor fitness: 1890264
Mejor fenotipo: [29, 20, 6, 26, 18, 14, 9, 7, 0, 13, 17, 5, 25, 16, 8, 28, 24, 3, 2, 1, 10, 15, 22, 12, 21, 23, 11, 19, 27, 4]
Mejor fitness: 1880728
Mejor fenotipo: [14, 5, 0, 25, 4, 6, 2, 1, 24, 16, 19, 17, 15, 20, 29, 11, 21, 7, 8, 10, 18, 23, 26, 9, 3, 27, 22, 13, 12, 28]
Mejor fitness: 1899872
Mejor fenotipo: [17, 18, 1, 0, 4, 13, 29, 8, 11, 27, 24, 22, 7, 16, 19, 3, 28, 15, 6, 20, 14, 9, 25, 12, 26, 5, 23, 10, 2, 21]
Mejor fitness: 1899872
Mejor fenotipo: [17, 18, 1, 0, 4, 13, 29, 8, 11, 27, 24, 22, 7, 16, 19, 3, 28, 15, 6, 20, 14, 9, 25, 12, 26, 5, 23, 10, 2, 21]

